Property: sim_surf_tens, Kernel: Matern32
.mean_function.A: [[12.82219771]
 [ 5.1486039 ]
 [ 5.81643131]
 [ 2.8517829 ]
 [ 9.46133936]
 [ 7.49525824]
 [ 6.60115903]
 [ 3.44405742]
 [ 2.79022563]
 [ 2.22632021]
 [ 2.93903221]
 [ 1.18501744]
 [-0.98723468]]
.mean_function.b: [-34.18878849]
.kernel.kernels[0].variance: 5.71898816586029
.kernel.kernels[0].lengthscales: [1.23855827e+04 3.55000790e+04 2.84952638e+04 2.83611534e+04
 3.94770097e+04 8.89060330e-01 1.19844768e+00 5.86449400e+04
 2.19677847e+04 2.19129302e+04 1.38224562e+04 5.00797199e-01
 1.90625358e+02]
.kernel.kernels[1].variance: 0.1620487220109013
.likelihood.variance: 1.0000000000000004e-05
