Property: sim_surf_tens, Kernel: Matern32
.mean_function.linear_mean.A: [[ 0.        ]
 [ 0.        ]
 [ 0.        ]
 [ 0.        ]
 [ 0.        ]
 [ 0.        ]
 [ 0.        ]
 [ 0.73855681]
 [ 0.00466299]
 [-0.5842827 ]
 [ 0.32555054]
 [-0.86764635]
 [-0.43451496]
 [-0.80875757]
 [-1.04081213]]
.mean_function.linear_mean.b: [1.99577888]
.kernel.kernels[0].variance: 0.19411812396998251
.kernel.kernels[0].lengthscales: [4.20657887e-01 8.80674866e+03 9.29824932e+03 8.41661140e-02
 1.23610625e+04 3.71841133e+03 5.29812597e+03 9.50112909e+03
 1.10237054e+04 8.27036827e+03 6.23604705e+03 9.61037683e+03
 6.59877696e+03 7.09366463e+03 6.94633961e+00]
.kernel.kernels[1].variance: 0.005268051407266552
.likelihood.variance: 1.0000000000000004e-05
