Property: sim_surf_tens, Kernel: Matern32
.mean_function.linear_mean.A: [[  0.        ]
 [  0.        ]
 [  0.        ]
 [  0.        ]
 [  0.        ]
 [  0.        ]
 [  0.        ]
 [  0.        ]
 [  4.75460223]
 [ 18.51328375]
 [  5.12183311]
 [ -2.02345634]
 [  0.        ]
 [  0.        ]
 [ -1.1326016 ]
 [  8.98513981]
 [-13.47143129]]
.mean_function.linear_mean.b: [2.54587061]
.kernel.kernels[0].variance: 552.5154509666899
.kernel.kernels[0].lengthscales: [9.43522961e+01 1.08738152e+02 2.06998195e+01 2.72735708e-01
 1.00000000e+00 1.00000000e+00 9.82041497e-02 2.92330691e+01
 3.89949218e+01 6.52639077e+01 3.62563575e+01 8.19369156e-01
 1.00000000e+00 1.00000000e+00 6.04783334e+01 3.44893194e+01
 8.04096872e-01]
.kernel.kernels[1].variance: 7.357019474512488
.likelihood.variance: 1.0000000000000004e-05
